4463780033500074|11|2024|241
4463780033712836|09|2024|513
4463780033716225|09|2024|656
4284180484426480|09|2020|127
4365440000288422|06|2021|263
4365440000288075|06|2021|743
4365440000288331|06|2021|743
4622630008351151|10|2021|880
4622630008351318|10|2021|497
4375070101307207|03|2024|349
4895040404764587|06|2022|349
4375070001978164|01|2024|985
4391970156551015|02|2023|306
5267270036128276|07|2028|211
4895040388221802|05|2024|112
4895040388222628|05|2024|581
4895040388226736|05|2024|573
4895040388223436|05|2024|071
4895040388440063|05|2024|356
